- Jet Lab
- Date: 2022-06-09 16:51:25
- Step: 344 motor steps
-75
-72
-70
-72
-71
-69
-69
-71
-72
-72
-72
-71
-72
-72
-70
-71
-69
-72
-70
-73
-72
-71
-71
-70
-70
-70
-72
-70
-71
-70
-70
-72
-73
-73
-70
-71
-72
-68
-70
-72
-71
-74
-73
-74
-73
-74
-74
-75
-75
-74
-74
-71
-61
-60
-55
-42
-33
-19
-14
15
72
47
24
35
33
116
91
90
95
116
70
123
103
134
117
96
127
183
173
154
164
158
209
181
181
212
183
149
230
259
269
357
261
286
395
340
335
319
278
424
381
289
373
302
410
481
438
407
500
462
639
675
604
823
605
707
707
919
879
816
944
869
932
990
994
1080
1071
1135
1047
1249
1212
1231
1289
1258
1187
1360
1394
1350
1554
1364
1372
1474
1642
1505
1539
1561
1612
1583
1608
1549
1590
1560
1493
1647
1535
1620
1485
1554
1519
1514
1444
1535
1515
1380
1370
1479
1400
1288
1283
1361
1260
1279
1176
1292
1206
1211
1132
1137
981
933
1079
861
888
987
863
855
843
837
767
645
679
708
646
669
660
708
713
595
647
525
597
576
529
461
457
480
390
459
415
422
361
378
320
364
366
290
348
326
288
306
315
265
302
332
171
227
209
259
164
161
124
177
195
162
82
101
86
130
86
74
71
89
70
31
51
62
74
41
76
14
20
48
3
70
20
32
-17
11
17
-6
-25
-11
-32
-26
-37
-19
-47
-54
-44
-50
-60
-69
-69
-66
-66
-71
-68
-68
-70
-69
-69
-69
-68
-68
-70
-69
-67
-67
-67
-68
-68
-69
-68
-65
-65
-67
-67
-68
-67
-69
-66
-68
-67
-69
-68
-69
-68
-66
-68
-68
-67
-69
-65
-67
-69
-68
-67
-67
-68
-68
-68
-66
-64
-67
-67
-66
-65
-65
-65
-65
-66
-67
-68
-67
-67
-66
-65
-64
-62
-65
-65
-67
-64
-66
