- Jet Lab
- Date: 2022-06-09 14:06:38
- Step: 344 motor steps
-64
-58
-58
-61
-59
-58
-60
-59
-59
-60
-60
-61
-59
-59
-58
-56
-57
-60
-58
-58
-58
-58
-57
-57
-57
-58
-58
-59
-60
-58
-58
-59
-59
-58
-60
-56
-61
-59
-63
-58
-60
-61
-59
-61
-62
-61
-60
-60
-62
-63
-63
-63
-61
-61
-61
-59
-59
-62
-61
-63
-61
-64
-60
-63
-62
-64
-61
-63
-64
-61
-63
-61
-62
-60
-61
-61
-61
-61
-61
-61
-61
-62
-61
-62
-62
-59
-61
-61
-61
-63
-61
-61
-62
-62
-60
-64
-60
-63
-62
-62
-63
-64
-63
-62
-64
-63
-63
-62
-63
-61
-63
-62
-61
-61
-61
-62
-62
-62
-62
-63
-64
-61
-61
-62
-59
-62
-61
-61
-57
-63
-62
-61
-61
-64
-63
-62
-63
-64
-63
-63
-63
-63
-60
-60
-60
-62
-64
-61
-64
-62
-58
-3
213
504
902
1196
1655
1957
2235
2342
2280
2327
2337
2400
2325
2362
2446
2364
2438
2350
2371
2371
2355
2439
2322
2367
2445
2342
2363
2350
2445
2334
2418
2338
2350
2370
2381
2364
2406
2399
2379
2386
2395
2341
2452
2419
2441
2389
2383
2378
2370
2381
2389
2372
2410
2445
2403
2414
2393
2404
2433
2375
2388
2371
2386
2403
2398
2388
2417
2396
2363
2411
2363
2412
2390
2438
2422
2427
2391
2449
2418
2348
2382
2318
2336
2255
2199
2136
1947
1536
1220
815
435
165
40
-30
-54
-62
-63
-65
-64
-62
-65
-63
-63
-65
-64
-65
-63
-64
-65
-65
-63
-62
-63
-62
-62
-62
-64
-62
-63
-64
-64
-65
-65
-64
-63
-63
-64
-63
-65
-63
-63
-63
-62
-62
-61
-62
-63
-62
-63
-62
-63
-62
-65
-63
-64
-63
-62
-62
-63
-63
-65
-61
-62
-63
-63
-62
-63
-61
-63
-63
-64
-63
-63
-65
-63
-64
-62
-64
-64
-63
-61
-62
-61
-62
-62
-61
-61
-64
-64
-64
-63
-65
-63
-64
-64
-63
-66
-65
-64
-63
-62
-65
