- Jet Lab
- Date: 2022-06-09 13:57:26
- Step: 344 motor steps
-68
-64
-64
-66
-67
-67
-66
-64
-67
-66
-63
-64
-66
-65
-67
-67
-66
-65
-66
-68
-66
-66
-68
-66
-65
-65
-66
-64
-63
-64
-67
-66
-66
-67
-65
-67
-66
-66
-66
-68
-68
-65
-65
-66
-67
-66
-66
-66
-62
-65
-66
-63
-63
-65
-69
-68
-66
-62
-64
-67
-63
-65
-56
-53
-51
-52
-55
-33
-45
-43
-39
-17
-24
-12
13
-5
11
-18
-8
6
20
40
76
86
62
116
96
108
113
186
106
194
184
237
251
289
259
289
249
417
389
431
577
603
572
738
730
721
821
847
938
896
1135
1008
1125
1238
1165
1302
1398
1528
1465
1522
1648
1664
1642
1749
1753
1739
1758
1996
1950
2001
2112
2178
2135
2248
2232
2274
2228
2324
2324
2404
2356
2337
2355
2344
2321
2327
2302
2366
2340
2347
2362
2328
2400
2280
2317
2324
2341
2274
2303
2208
2207
2207
2197
2167
2179
2096
2121
2107
2096
2039
1970
1922
1984
1897
1819
1820
1718
1731
1645
1608
1493
1534
1495
1487
1367
1244
1187
1200
1003
983
965
938
811
727
678
595
492
625
545
548
504
365
430
345
296
312
276
294
254
195
256
124
160
100
51
110
125
115
69
61
89
41
64
24
19
7
2
-28
-12
31
11
-23
-10
-2
-27
-20
-58
-50
-25
-54
-52
-31
-50
-46
-48
-15
-35
-63
-51
-50
-58
-63
-55
-57
-49
-64
-54
-65
-58
-61
-65
-65
-68
-67
-66
-68
-66
-67
-65
-68
-67
-66
-65
-61
-64
-63
-63
-65
-64
-64
-67
-65
-64
-66
-66
-66
-65
-66
-64
-61
-64
-62
-65
-66
-66
-64
-65
-66
-65
-62
-63
-63
-65
-66
-67
-67
-66
-65
-65
-64
-64
-67
-66
-65
-64
-65
-64
-64
-64
-66
-65
-65
-65
-65
-65
-63
-64
-64
-64
-64
-65
-64
-64
-65
-64
-65
-64
-65
-65
-66
-63
-62
