- Jet Lab
- Date: 2022-06-09 14:02:29
- Step: 344 motor steps
-71
-70
-71
-70
-71
-72
-69
-71
-71
-70
-71
-72
-70
-73
-69
-68
-68
-68
-69
-70
-68
-68
-67
-66
-66
-66
-69
-68
-68
-67
-66
-67
-68
-68
-69
-69
-67
-68
-68
-69
-66
-69
-71
-70
-72
-72
-71
-73
-72
-71
-72
-72
-70
-69
-71
-71
-71
-70
-67
-70
-71
-71
-72
-72
-72
-70
-70
-70
-70
-70
-70
-70
-69
-71
-71
-70
-71
-69
-69
-69
-69
-69
-70
-72
-71
-70
-70
-70
-72
-71
-71
-71
-71
-71
-70
-71
-72
-70
-70
-72
-70
-71
-71
-70
-70
-70
-69
-69
-70
-71
-69
-70
-72
-70
-71
-72
-71
-71
-72
-73
-71
-71
-70
-71
-72
-71
-69
-70
-70
-69
-67
-67
-67
-67
-68
-69
-69
-68
-66
-67
-68
-67
-66
-66
-69
-66
-68
-69
-67
-68
-66
-68
-67
-67
-67
-68
-68
-69
-69
-70
-69
-68
-67
-69
-70
-68
-69
-67
-68
-70
-68
-69
25
201
475
959
1246
1701
2045
2220
2269
2305
2374
2355
2348
2366
2364
2385
2339
2331
2341
2354
2355
2360
2401
2360
2420
2365
2349
2408
2359
2391
2372
2391
2384
2339
2400
2461
2339
2399
2439
2354
2361
2380
2387
2385
2384
2457
2418
2400
2401
2381
2389
2425
2408
2404
2418
2432
2396
2380
2416
2387
2419
2404
2384
2405
2371
2406
2450
2377
2401
2403
2448
2419
2414
2429
2380
2376
2377
2380
2434
2367
2376
2391
2341
2311
2259
2268
2129
1819
1598
1175
858
433
164
41
-36
-60
-67
-69
-70
-71
-69
-71
-69
-70
-72
-71
-69
-68
-69
-69
-68
-69
-68
-70
-70
-69
-70
-71
-73
-67
-68
-69
-68
-70
-70
-71
-69
-70
-69
-71
-71
-73
-69
-68
-70
-69
-69
-68
-69
-68
-67
-68
-68
-68
-72
-71
-68
-68
-70
-67
-69
-69
-68
-70
-67
-69
-70
-70
-68
-69
-68
-67
-67
-67
-66
-68
-67
-68
-69
-70
-69
-69
