- Jet Lab
- Date: 2022-06-09 14:18:33
- Step: 344 motor steps
-77
-71
-72
-72
-73
-73
-73
-72
-72
-71
-72
-73
-72
-73
-73
-74
-74
-74
-70
-71
-70
-72
-73
-73
-73
-74
-71
-73
-74
-74
-72
-73
-73
-71
-71
-70
-71
-72
-72
-70
-72
-74
-74
-71
-74
-73
-72
-73
-72
-72
-72
-72
-71
-73
-73
-76
-75
-73
-74
-75
-76
-73
-75
-77
-71
-75
-73
-69
-71
-74
-74
-70
-71
-64
-72
-72
-69
-76
-68
-64
-65
-63
-66
-63
-51
-47
-60
-59
-43
-54
-46
-32
-27
-40
-25
-2
-36
-32
-39
-3
-17
-28
24
5
-10
-25
5
11
21
-4
56
30
73
40
63
35
53
99
112
127
114
109
115
125
141
21
134
189
178
253
178
214
215
257
118
281
231
205
226
225
263
297
307
303
366
292
374
385
360
399
395
401
371
421
421
444
487
528
576
522
589
575
583
614
660
617
620
655
665
759
762
761
830
842
902
965
916
965
988
1055
968
1048
1140
1070
1155
1125
1136
1154
1243
1364
1222
1366
1378
1431
1408
1417
1456
1402
1348
1370
1378
1427
1482
1501
1532
1504
1526
1523
1481
1523
1452
1574
1469
1505
1405
1525
1532
1322
1329
1328
1346
1305
1312
1292
1248
1191
1196
1125
1252
1101
1134
1038
1045
957
981
924
1013
889
870
725
815
623
906
655
754
594
598
481
685
571
721
716
695
583
576
536
548
517
399
496
405
431
471
419
559
432
444
339
354
271
284
353
375
271
375
259
264
297
199
242
281
184
139
251
153
170
150
108
165
174
156
125
147
59
66
82
27
84
80
82
-9
-23
7
6
-18
-29
-30
-14
-22
-30
-33
-31
-34
-55
-61
-65
-64
-68
-70
-69
-69
-67
-72
-74
-69
-63
-70
-73
-69
-69
-74
-74
-75
-76
-74
-75
-74
-75
-74
-77
-73
-74
-73
-72
