- Jet Lab
- Date: 2022-06-09 14:20:17
- Step: 344 motor steps
-74
-66
-66
-65
-68
-68
-67
-64
-68
-68
-68
-68
-69
-68
-70
-70
-69
-70
-69
-69
-69
-70
-70
-71
-71
-70
-68
-70
-68
-70
-69
-70
-70
-71
-65
-68
-69
-67
-68
-67
-70
-69
-70
-71
-71
-72
-70
-71
-71
-70
-72
-70
-71
-71
-68
-70
-68
-70
-73
-60
-69
-72
-73
-72
-72
-69
-63
-72
-70
-71
-67
-71
-69
-66
-71
-66
-63
-75
-44
-61
-63
-45
-59
-61
-69
-66
-54
-38
-64
-28
-65
-49
-63
-64
-31
-38
-65
-26
-47
-36
-44
-42
8
-46
-15
-50
31
-13
-6
-18
3
11
24
8
18
-16
29
37
81
38
-14
47
49
80
58
44
31
91
175
180
133
58
168
152
133
114
137
151
144
242
261
222
189
278
310
274
344
359
272
324
261
316
273
375
483
391
347
459
490
396
510
513
552
538
653
637
654
571
548
580
626
643
634
807
737
818
820
846
803
843
875
873
919
975
955
1054
1027
1135
1033
991
1067
1158
1135
1181
1204
1056
1181
1249
1373
1279
1437
1281
1343
1233
1348
1336
1291
1320
1326
1441
1329
1312
1414
1388
1374
1225
1460
1323
1283
1330
1426
1227
1229
1252
1233
1160
1303
1174
1098
1061
1122
1028
1024
1083
942
951
1009
819
956
942
824
826
899
702
732
758
767
594
777
689
654
600
567
541
484
475
362
447
373
437
381
373
358
245
280
220
217
295
342
224
266
322
276
196
183
196
217
158
139
153
66
75
85
64
46
22
28
59
91
76
40
12
14
91
23
23
18
-10
-14
16
38
-16
-21
-13
-13
-34
-12
-44
-55
-13
-51
-51
-56
-34
-40
-10
-64
-56
-62
-60
-53
-62
-64
-56
-58
-65
-72
-62
-68
-54
-62
-61
-57
-71
-68
-66
-74
-70
-74
-68
-71
-74
-78
-70
