- Jet Lab
- Date: 2022-06-09 17:24:01
- Step: 431 motor steps
-76
-69
-69
-68
-70
-70
-70
-70
-70
-71
-70
-70
-69
-67
-69
-69
-70
-70
-68
-70
-70
-68
-71
-70
-71
-69
-70
-69
-67
-69
-68
-67
-67
-69
-68
-69
-66
-68
-68
-68
-69
-70
-68
-69
-70
-69
-68
-69
-70
-70
-70
-69
-70
-70
-67
-70
-70
-70
-69
-69
-70
-70
-74
-70
-69
-71
-70
-73
-73
-70
-69
-66
-69
-70
-71
-71
-69
-69
-73
-70
-70
-69
-70
-69
-72
-71
-74
-71
-69
-70
-73
-71
-72
-73
-71
-72
-71
-70
-72
-71
-71
-70
-70
-74
-72
-72
-69
-58
-70
-72
-59
-68
-64
-56
-74
-61
-69
-69
-69
-69
-66
-61
-63
-53
-62
-51
-62
-61
-61
-50
-45
-25
-23
-41
-13
-32
-34
-40
-63
-45
-19
-49
-51
7
-4
-47
4
-9
1
-5
21
-6
8
23
44
70
48
67
10
55
4
83
104
50
102
65
113
110
128
59
183
72
110
162
189
260
196
201
252
188
204
294
243
278
207
363
357
340
279
359
464
375
492
487
522
462
564
579
602
457
515
536
601
590
599
584
603
624
715
693
844
661
752
654
764
892
807
972
941
973
965
1019
1023
1024
1043
1029
1157
1111
1205
1131
1167
1282
1189
1130
1218
1237
1327
1432
1374
1364
1405
1345
1423
1327
1326
1340
1371
1236
1305
1364
1370
1267
1188
1375
1312
1352
1334
1226
1316
1293
1193
1293
1181
1021
1207
1097
1246
1086
1095
1036
976
1048
879
936
937
922
855
915
843
862
881
763
768
760
656
713
593
634
650
631
618
678
565
572
568
538
439
490
465
419
403
336
301
375
336
377
389
310
302
274
254
262
232
247
242
246
285
208
256
168
196
104
129
152
234
149
171
160
147
128
106
98
66
58
70
31
10
13
-1
-22
-1
-24
-35
-41
-45
-54
-47
-55
-61
-65
-68
-64
-65
-65
-71
-71
-68
-69
-67
-73
-69
-69
-71
-68
-68
-69
-67
-67
-65
-67
-65
-65
-65
-67
-67
-67
-65
-69
-67
-66
-68
-67
-68
-67
-66
-66
-65
-67
-68
-66
-66
-67
-67
-66
-67
-66
-68
-68
-67
-65
-68
-67
-68
-66
-66
-66
-67
-66
-65
-65
-65
-66
-68
-65
-64
-65
-65
-65
-66
-64
-67
-66
-65
-63
-64
-64
-64
-64
-62
-64
-64
