- Jet Lab
- Date: 2022-06-09 17:01:52
- Step: 344 motor steps
-73
-65
-67
-66
-66
-67
-66
-67
-67
-67
-66
-66
-65
-66
-66
-67
-66
-66
-65
-68
-65
-67
-67
-67
-66
-67
-67
-68
-67
-69
-70
-67
-69
-66
-70
-69
-69
-68
-68
-68
-69
-69
-67
-70
-67
-67
-67
-66
-64
-60
-55
-55
-54
-53
-53
-56
-47
-46
-45
-49
-46
-49
-44
-37
-51
-48
-39
-49
-59
-47
-48
-47
-48
-57
-49
-54
-50
-57
-57
-52
-59
-58
-59
-61
-63
-55
-71
-64
-65
-63
-63
-67
-63
-70
-72
-69
-73
-71
-69
-70
-65
-80
-67
-81
-74
-78
-76
-75
-72
-74
-79
-72
-71
-72
-78
-71
-78
-72
-76
-77
-72
-76
-72
-75
-77
-69
-76
-79
-76
-61
-79
-78
-75
-77
-76
-44
-56
-46
-14
-59
-58
-68
-38
-46
-56
-55
-11
-55
-24
74
-20
-21
25
52
42
-26
70
32
43
76
34
88
132
50
97
199
147
143
173
256
219
211
222
261
302
280
254
342
318
253
489
369
451
299
408
541
532
662
681
670
681
733
728
750
834
875
919
942
981
973
1035
1086
1197
1153
1158
1199
1174
1434
1277
1532
1336
1377
1606
1510
1424
1577
1548
1642
1738
1669
1775
1680
1824
1857
1898
1776
1790
1849
1781
1741
1727
1703
1840
1762
1659
1747
1619
1546
1513
1559
1490
1389
1306
1143
1139
803
607
197
19
-60
-71
-69
-71
-73
-72
-73
-69
-72
-70
-71
-68
-69
-70
-69
-71
-70
-69
-72
-71
-69
-70
-67
-67
-67
-66
-67
-66
-68
-68
-66
-67
-67
-66
-68
-69
-66
-68
-67
-67
-70
-67
-68
-67
-66
-67
-66
-66
-69
-67
-66
-67
-64
-66
-66
-67
-66
-67
-68
-67
-67
-67
-66
-65
-64
-66
-63
-67
-66
-67
-67
-68
-68
-66
-64
-64
-66
-63
-66
-64
-66
-64
-65
-64
-63
-64
-61
-64
-64
-63
-66
-66
-65
-63
-65
