- Jet Lab
- Date: 2022-06-09 17:00:26
- Step: 344 motor steps
-72
-67
-66
-65
-65
-66
-65
-65
-65
-63
-63
-63
-63
-63
-67
-65
-63
-63
-63
-63
-62
-64
-64
-64
-64
-62
-65
-64
-64
-63
-64
-64
-65
-64
-63
-66
-62
-66
-64
-65
-64
-66
-64
-65
-65
-64
-65
-64
-65
-64
-65
-65
-66
-65
-68
-66
-65
-66
-66
-66
-65
-66
-65
-67
-66
-64
-64
-65
-64
-65
-64
-64
-63
-65
-65
-67
-68
-67
-68
-67
-66
-66
-68
-66
-65
-66
-67
-66
-66
-65
-65
-65
-66
-66
-65
-66
-67
-66
-67
-66
-68
-67
-67
-66
-66
-65
-66
-67
-66
-66
-65
-67
-66
-65
-66
-67
-65
-66
-66
-65
-66
-66
-66
-66
-68
-69
-68
-66
-67
-66
-66
-67
-65
-66
-66
-65
-65
-66
-64
-66
-66
-67
-67
-67
-65
-66
-68
-65
-66
-67
-68
-66
-66
-66
-66
-66
-67
-68
-67
-65
-65
-66
-66
-65
-65
-66
-64
-66
-66
-65
-63
-64
-64
-65
-65
-65
-66
-65
-66
-65
-66
-67
-65
-65
-66
-65
-67
-66
-68
-66
-67
-66
-66
-67
-68
-67
-66
-66
-67
-66
-65
-67
-67
-67
-65
-65
-65
-65
-67
-66
-66
-66
-64
-66
-67
-65
-67
-67
-66
-65
-68
-68
-67
-67
-67
-69
-68
-67
-67
-68
-69
-67
-67
-66
-68
-66
-66
-68
-66
-68
-67
-65
-65
-65
-66
-66
-66
-66
-66
-66
-65
-65
-67
-66
-66
-65
-66
-66
-67
-67
-69
-68
-67
-66
-67
-66
-65
-66
-64
-66
-66
-65
-66
-65
-65
-66
-66
-67
-64
-65
-65
-65
-68
-70
-66
-65
-65
-68
-67
-67
-66
-67
-67
-67
-68
-67
-67
-67
-69
-67
-69
-70
-67
-68
-68
-68
-65
-68
-67
-67
-67
-68
-67
-70
-67
-68
-68
-68
-67
-69
-70
-67
-67
-69
-67
-65
-66
-67
-67
-70
-68
-66
-66
-68
-66
-64
-68
-66
-65
-66
-66
-67
-64
-64
