- Jet Lab
- Date: 2022-06-09 16:45:45
- Step: 344 motor steps
-68
-61
-64
-64
-63
-66
-64
-65
-64
-63
-64
-65
-64
-66
-66
-66
-66
-65
-63
-66
-67
-62
-67
-65
-63
-64
-67
-63
-65
-56
-64
-61
-64
-62
-63
-59
-41
-64
-65
-56
-66
-63
-66
-65
-58
-62
-56
-54
-34
-57
-28
-38
-26
-39
-7
-10
-24
-55
4
-13
-17
-28
-18
31
-26
-5
74
59
36
33
40
55
28
30
56
23
136
64
110
117
104
205
81
129
222
230
398
322
212
190
222
224
261
305
271
237
289
334
359
438
337
444
557
470
470
575
571
640
642
620
697
681
604
712
817
775
884
916
824
930
1039
1034
925
1016
981
965
1051
1239
1161
1169
1175
1240
1286
1323
1305
1456
1420
1380
1388
1549
1383
1384
1413
1340
1406
1369
1324
1238
1344
1250
1349
1345
1494
1458
1393
1339
1230
1406
1258
1165
1220
1342
1229
1215
1192
1115
1226
1153
1138
988
1157
1030
1109
1121
930
875
933
995
832
903
803
758
735
725
633
692
691
674
688
586
627
564
503
484
541
463
524
406
457
380
402
447
331
434
371
311
395
370
293
317
327
278
266
233
209
236
196
209
186
194
227
179
203
221
214
190
188
127
152
122
190
119
121
103
87
116
103
27
40
44
20
17
9
34
5
-5
-33
-13
-35
-43
-48
-47
-59
-61
-58
-61
-60
-60
-62
-61
-63
-61
-63
-65
-62
-63
-61
-61
-61
-62
-62
-65
-62
-63
-64
-60
-62
-60
-61
-64
-61
-59
-59
-61
-60
-63
-63
-62
-62
-59
-60
-60
-59
-59
-61
-60
-62
-63
-59
-61
-61
-60
-59
-60
-59
-61
-60
-58
-61
-61
-62
-62
-63
-62
-61
-62
-61
-62
-63
-59
-63
-60
-61
-61
-62
-59
-62
-59
-63
-61
-61
-61
-63
-62
-62
-62
-62
-59
-62
-60
-60
-61
-61
-61
