- Jet Lab
- Date: 2022-06-09 16:47:32
- Step: 344 motor steps
-65
-58
-59
-57
-61
-59
-60
-60
-61
-61
-60
-61
-61
-60
-60
-59
-61
-60
-59
-60
-61
-63
-60
-61
-61
-61
-62
-61
-58
-61
-62
-61
-61
-61
-61
-61
-61
-61
-60
-62
-58
-58
-60
-58
-61
-62
-61
-63
-62
-62
-61
-61
-60
-61
-61
-60
-58
-58
-60
-59
-64
-60
-58
-58
-60
-60
-64
-61
-57
-64
-59
-57
-64
-40
-59
-62
-64
-59
-53
-57
-62
-54
-56
-61
-45
-51
-58
-44
-49
-32
-49
-49
-61
-34
-35
-41
-19
-26
-21
-10
6
-17
-7
7
-1
7
12
27
-23
-1
-29
39
-4
-3
6
13
24
94
48
104
97
111
97
105
104
127
117
197
213
156
165
243
180
227
277
249
239
275
256
288
308
296
260
302
390
358
344
342
354
394
466
477
475
486
516
472
542
577
617
665
616
664
761
754
806
727
800
764
882
815
836
825
945
835
911
924
1054
1038
1031
967
1125
1223
1097
1162
1171
1112
1294
1408
1350
1301
1296
1316
1368
1453
1428
1355
1387
1461
1479
1461
1635
1529
1548
1494
1464
1511
1478
1453
1490
1472
1446
1367
1410
1419
1448
1273
1443
1462
1363
1351
1299
1178
1255
1143
1131
1232
1115
1045
1103
1000
1035
1039
950
965
903
864
866
881
887
835
821
767
687
798
728
649
539
614
539
521
503
422
356
323
254
160
101
61
17
-41
-63
-65
-68
-67
-69
-69
-66
-67
-67
-67
-66
-69
-67
-67
-66
-67
-65
-63
-64
-64
-64
-65
-63
-62
-63
-61
-64
-63
-65
-64
-63
-63
-62
-60
-63
-62
-62
-62
-60
-62
-62
-61
-62
-60
-61
-60
-61
-60
-61
-63
-61
-61
-62
-61
-62
-63
-61
-61
-61
-59
-62
-61
-62
-62
-62
-62
-64
-65
-63
-62
-63
-63
-64
-62
-62
-65
-63
-62
-63
-62
-61
-62
-60
-61
