- Jet Lab
- Date: 2022-06-09 16:48:39
- Step: 344 motor steps
-69
-63
-65
-63
-64
-65
-63
-66
-64
-65
-65
-66
-66
-66
-65
-65
-66
-66
-64
-63
-64
-63
-65
-65
-64
-63
-67
-66
-66
-66
-68
-67
-64
-67
-64
-67
-65
-64
-67
-65
-67
-67
-66
-65
-68
-68
-66
-65
-66
-65
-64
-65
-66
-66
-67
-68
-67
-66
-67
-65
-67
-67
-70
-68
-69
-70
-70
-66
-71
-71
-71
-70
-61
-44
-33
-48
-2
59
84
109
153
210
269
247
257
250
385
371
343
302
345
342
332
398
380
354
349
425
439
429
439
469
394
577
454
603
498
586
601
572
599
572
580
717
769
620
725
772
756
853
865
806
770
885
812
979
938
1006
1078
1064
1081
1210
1202
1301
1241
1384
1306
1361
1321
1502
1472
1427
1515
1507
1479
1545
1592
1541
1573
1594
1607
1502
1508
1519
1450
1468
1389
1434
1485
1458
1444
1505
1327
1346
1418
1374
1400
1355
1249
1195
1253
1267
1189
1148
1161
1119
1051
1057
1021
1060
997
842
935
970
856
868
797
763
807
687
806
720
676
694
721
683
626
618
636
580
559
550
441
461
469
440
463
378
359
425
397
362
306
295
268
304
300
337
251
265
255
189
230
215
203
146
168
115
192
150
122
90
149
142
95
91
111
69
55
78
7
46
73
70
-3
83
9
-5
18
-10
-1
-20
19
35
4
-24
-31
-1
-15
-19
-15
-41
-26
-45
-44
-43
-41
-62
-52
-56
-52
-56
-64
-65
-62
-64
-65
-65
-65
-68
-68
-64
-67
-64
-65
-63
-64
-66
-64
-63
-64
-65
-64
-64
-64
-65
-60
-63
-63
-62
-64
-63
-63
-64
-62
-65
-63
-62
-62
-61
-63
-62
-63
-63
-64
-64
-63
-63
-63
-63
-61
-61
-63
-62
-63
-62
-63
-63
-64
-64
-62
-64
-65
-65
-63
-63
-62
-64
-61
-61
-65
-63
-63
-64
