- Jet Lab
- Date: 2022-06-09 17:01:13
- Step: 344 motor steps
-74
-69
-67
-66
-69
-68
-70
-70
-70
-68
-69
-71
-68
-68
-69
-68
-71
-67
-72
-72
-71
-69
-71
-70
-69
-67
-69
-69
-67
-68
-71
-71
-69
-69
-67
-69
-69
-71
-70
-69
-70
-69
-70
-70
-69
-71
-71
-74
-71
-71
-71
-69
-68
-44
17
52
139
156
303
337
399
348
391
392
447
467
451
457
386
434
496
516
468
504
530
613
622
626
652
646
619
680
654
700
775
755
842
756
739
803
936
909
888
902
1072
1113
1018
1134
1121
1133
1182
1261
1242
1255
1288
1306
1297
1350
1348
1376
1391
1391
1401
1421
1410
1615
1468
1421
1462
1362
1465
1524
1521
1360
1532
1405
1435
1580
1460
1428
1452
1398
1394
1480
1358
1376
1342
1365
1271
1329
1237
1244
1236
1204
1200
1144
1185
1147
1132
988
1021
1059
966
986
900
769
898
938
832
703
890
756
635
676
656
612
677
674
572
534
529
523
549
545
468
597
479
423
369
426
286
379
343
312
307
337
309
219
225
233
247
278
258
218
286
215
186
162
204
228
157
129
155
145
79
85
159
88
113
66
77
86
68
72
16
51
31
36
33
27
27
-10
35
44
-33
-6
69
10
6
-10
-31
-47
-12
-12
-40
-23
-9
-40
-43
-36
-45
-53
-34
-41
-51
-58
-60
-58
-55
-56
-48
-68
-45
-65
-68
-58
-52
-58
-62
-49
-55
-67
-66
-64
-66
-63
-63
-65
-64
-64
-65
-65
-65
-65
-66
-66
-66
-65
-65
-66
-65
-65
-65
-64
-64
-63
-63
-66
-66
-64
-66
-65
-65
-65
-66
-66
-65
-65
-65
-63
-64
-63
-63
-62
-65
-66
-64
-66
-65
-64
-67
-68
-64
-66
-66
-66
-65
-66
-68
-67
-66
-67
-67
-66
-65
-67
-65
-66
-66
-65
-66
-68
-63
-65
-67
-66
-64
-68
-67
-66
-66
-67
-67
-66
