- Jet Lab
- Date: 2022-06-09 17:14:46
- Step: 431 motor steps
-71
-70
-70
-59
-70
-74
-74
-77
-69
-59
-68
-72
-71
-37
-66
-57
-69
-59
-56
-54
-62
-69
-20
-59
-48
-64
-57
-45
-51
-41
-13
-12
5
-19
-23
13
9
37
11
18
10
18
16
46
4
-5
90
81
68
10
54
63
123
109
97
129
136
154
135
202
131
173
210
176
301
328
219
246
271
315
249
358
366
287
225
308
337
300
388
396
407
436
359
481
494
456
496
611
599
661
677
589
708
719
765
679
689
764
736
785
836
786
877
754
832
793
873
916
1027
1029
1100
1022
960
927
871
904
991
1032
1076
1048
1112
1057
1135
1163
1188
1062
1126
1191
1193
1018
1162
958
1110
1109
1056
1130
914
1065
1006
972
1028
995
971
901
908
969
906
848
872
838
823
825
781
804
721
863
728
586
641
662
690
696
631
562
539
524
562
448
493
417
404
485
454
459
418
429
358
406
346
351
338
309
266
307
349
264
290
271
233
282
192
126
200
205
163
178
107
176
161
184
142
86
113
91
92
88
87
80
79
63
17
0
43
51
-2
-8
24
-10
15
-11
-26
20
10
18
-3
-16
-37
-24
-9
-17
-46
-43
-32
-11
-27
-42
-42
-25
-60
-43
-51
-31
-56
-53
-51
-69
-51
-32
-61
-52
-57
-51
-61
-63
-65
-66
-59
-69
-60
-68
-72
-72
-65
-71
-70
-71
-70
-70
-73
-69
-72
-72
-72
-75
-73
-72
