- Jet Lab
- Date: 2022-06-09 14:19:33
- Step: 344 motor steps
-75
-76
-74
-76
-74
-75
-73
-74
-75
-76
-65
-19
-23
-7
28
73
40
54
56
62
101
151
143
220
150
172
148
155
173
276
151
202
191
146
236
147
254
147
168
190
216
234
230
315
305
252
400
355
303
413
372
373
408
466
493
448
574
451
571
536
688
528
699
779
716
745
742
793
750
683
774
852
1007
735
885
1030
976
985
1176
1055
1000
1073
1272
1160
1067
1242
1203
1415
1169
1341
1309
1275
1331
1299
1443
1446
1481
1441
1431
1445
1545
1616
1592
1631
1597
1634
1653
1648
1503
1444
1452
1443
1545
1480
1426
1496
1548
1485
1509
1414
1444
1277
1438
1467
1394
1320
1193
1332
1282
1302
1248
1183
1117
1139
1177
1226
1071
1068
1062
972
984
1021
1003
920
937
834
737
802
743
801
745
714
717
665
672
609
666
650
678
492
523
565
526
407
411
457
437
321
410
353
398
400
409
359
350
324
271
271
262
316
293
229
231
246
224
183
161
165
183
188
113
124
138
104
165
92
94
145
131
134
29
64
81
67
35
53
57
41
83
81
-1
15
34
38
-2
-26
-42
-41
-61
-51
-62
-62
-73
-74
-68
-76
-74
-76
-73
-77
-75
-76
-76
-75
