- Jet Lab
- Date: 2022-06-09 14:10:54
- Step: 344 motor steps
-77
-66
-79
-78
-73
-74
-60
-76
-78
-78
-65
-73
-69
-64
-59
-77
-55
-44
-70
-50
-57
-65
-62
-38
-63
-35
-22
-35
-36
-36
-53
-20
-45
-40
-10
-31
-54
9
-10
-4
-33
10
53
71
62
18
81
83
23
99
34
103
152
105
161
129
209
152
91
110
167
150
174
151
151
168
192
169
203
235
174
299
238
339
236
334
313
341
395
411
412
443
450
412
392
543
393
470
538
523
597
661
622
659
722
662
822
888
883
899
899
836
940
802
940
1103
1021
1024
1196
964
1183
1204
1186
1197
1216
1311
1346
1334
1459
1317
1380
1368
1338
1538
1422
1506
1503
1446
1589
1431
1615
1503
1430
1446
1497
1484
1560
1535
1570
1524
1556
1434
1364
1449
1417
1376
1214
1234
1415
1401
1301
1357
1211
1049
1191
1233
1141
1161
1124
1049
1035
1006
978
950
844
820
974
858
849
765
783
719
667
745
700
644
648
656
646
644
635
569
520
471
567
450
437
369
407
513
375
366
359
369
407
347
329
362
275
244
291
283
218
331
274
203
134
210
193
229
162
236
137
171
123
121
125
109
167
78
79
68
128
141
46
26
60
57
93
37
47
47
47
45
22
45
1
-39
1
-1
-32
-17
-57
-19
-18
19
-7
-43
-35
-43
-63
-35
-36
-38
-62
-58
-64
-61
-42
-60
-46
-52
-61
-63
-50
-60
-60
-64
-68
-73
-74
-71
-70
-70
-67
-74
-75
-75
-72
-74
