- Jet Lab
- Date: 2022-06-09 17:09:41
- Step: 344 motor steps
-69
-70
-71
-77
-75
-68
-65
-72
-66
-75
-54
-46
-65
-68
-60
-64
-78
-71
-63
-54
-41
-60
-65
-67
-58
-39
-53
-58
-62
-66
-54
-26
-38
-35
25
14
11
-8
-22
-5
3
10
26
52
25
-12
0
60
20
18
71
67
107
55
79
140
170
153
109
131
127
90
134
86
118
171
205
149
210
209
206
287
251
220
234
200
188
309
235
321
330
348
395
401
393
395
472
431
453
474
471
576
485
480
512
483
530
689
661
741
605
610
713
762
813
790
769
813
861
833
940
897
928
902
886
934
954
955
992
1070
1125
1181
1176
1129
1105
1178
1133
1111
1159
1275
1283
1197
1240
1281
1364
1259
1317
1323
1294
1232
1186
1241
1215
1200
1336
1193
1105
1151
1035
1135
1159
1074
1118
1143
1066
1039
1045
1083
989
949
908
917
879
901
798
777
819
813
879
783
714
750
687
620
550
599
572
507
573
434
497
521
534
399
395
447
316
389
336
325
300
389
350
354
305
370
258
337
140
127
189
209
183
151
134
99
142
134
82
69
43
22
45
80
40
46
77
57
34
46
11
80
70
51
13
11
41
35
30
-1
-13
-17
1
10
37
-1
14
12
7
17
26
17
-1
17
-20
-9
-14
21
39
50
20
29
20
17
15
0
28
2
-9
-4
24
16
37
3
4
46
-18
27
81
15
33
-7
25
12
-3
41
37
45
59
34
20
15
11
0
14
64
35
44
58
37
29
36
53
