- Jet Lab
- Date: 2022-06-09 17:03:07
- Step: 344 motor steps
-68
-70
-68
-67
-63
-66
-69
-60
-68
-66
-60
-59
-51
-34
-22
-27
-25
-13
-27
11
-16
29
7
28
7
-2
24
66
33
21
133
62
108
131
71
34
57
137
111
129
143
151
116
160
117
193
160
149
172
127
208
214
146
233
254
300
298
294
373
324
369
438
377
416
385
452
433
468
503
497
600
585
501
588
599
677
746
810
870
753
859
855
992
996
932
973
1059
1093
1006
1117
1195
1225
1326
1239
1322
1324
1322
1278
1386
1345
1421
1398
1342
1405
1441
1345
1474
1443
1467
1349
1424
1440
1385
1486
1409
1314
1486
1394
1221
1279
1312
1252
1372
1315
1287
1214
1179
1159
1261
1144
1173
1035
1058
1061
1021
967
946
949
970
925
931
939
815
826
746
819
701
673
749
682
583
644
735
616
555
612
569
610
551
384
515
436
441
332
390
311
444
462
382
293
310
322
312
204
300
293
268
204
322
235
185
174
209
214
109
131
156
115
156
167
158
145
110
48
106
108
58
88
43
40
50
26
-1
18
77
67
47
-18
11
-4
-39
-55
-52
-65
-66
-72
-69
-69
-69
-71
-70
-71
-69
-70
-70
-68
-68
